Webots Project File version R2025a
perspectives: 000000ff00000000fd0000000200000001000000ca000004fbfc0200000001fb0000001400540065007800740045006400690074006f00720100000000000004fb0000004500ffffff000000030000000000000000fc0100000001fb0000001a0043006f006e0073006f006c00650041006c006c0041006c006c0300000008000004bd000006e0000000a500000405000004fb00000001000000020000000100000008fc00000000
simulationViewPerspectives: 000000ff0000000100000002000001140000035b0100000002010000000100
sceneTreePerspectives: 000000ff00000001000000030000001e000000c0000000fa0100000002010000000200
maximizedDockId: -1
centralWidgetVisible: 1
orthographicViewHeight: 1
textFiles: -1
globalOptionalRendering: CoordinateSystem
renderingDevicePerspectives: vehicle:camera;1;0.727803;0.749244;0.264198
renderingDevicePerspectives: vehicle:display_image;1;1.06095;0.635681;0.0115228
